985 3
1332
2567 7
3591
6320 16
7264
9406 23
9527
9824 24
9945
10844 27
10895
11194 28
11212
13381 35
13470
14986 40
21805
23341 45
23828
25340 50
25439
27256 56
27992
30737 65
30828
32336 70
35185
36725 75
37212
38716 80
38819
40644 86
41378
44119 95
44205
45709 100
48538
50078 105
50565
52089 110
52182
54011 116
54735
57484 125
57572
59096 130
61928
63472 135
63959
65483 140
65580
67409 146
68137
70886 155
70972
72496 160
75325
76869 165
77356
78880 170
78973
80802 176
81526
86761 193
86853
87460 195
87472
88692 199
90481
92021 204
92508
94032 209
94137
95966 215
96744
106913 248
106985
108509 253
111342
112886 258
113373
114897 263
114976
116805 269
117580
122174 284
122246
122851 286
122918
