985 3
1332
2567 7
3663
6392 16
7408
9547 23
9636
11152 28
13246
17829 43
18316
19824 48
19923
21744 54
22502
26474 67
27490
29634 74
29720
31224 79
33009
37585 94
38072
39576 99
39669
41498 105
42250
46234 118
47250
49398 125
49486
51010 130
52799
57407 145
57894
59418 150
59515
61344 156
62100
66084 169
67100
69260 176
69346
70870 181
72676
77280 196
77767
79287 201
79380
81213 207
81965
85949 220
86965
91709 235
91780
92385 237
93397
96772 248
96843
97448 250
98426
101801 261
101872
102477 263
103455
106833 274
106904
107509 276
108538
