985 3
1332
2567 7
3608
6337 16
7298
9437 23
9526
11042 28
13157
17740 43
18227
19735 48
19834
21655 54
22413
26385 67
27346
29490 74
29576
31080 79
32886
37462 94
37949
39453 99
39546
41375 105
42127
46111 118
47072
49220 125
49308
50832 130
52621
57229 145
57716
59240 150
59337
61166 156
61922
65906 169
66867
69027 176
69113
70637 181
72422
77026 196
77513
79033 201
79126
80959 207
81711
85695 220
86656
91400 235
91471
92076 237
93072
96447 248
96518
97123 250
98085
101460 261
101531
102136 263
103098
106476 274
106547
107152 276
108165
