985 3
1332
2567 7
3603
6332 16
7323
9462 23
9551
11067 28
13182
17765 43
18252
19760 48
19859
21680 54
22438
26410 67
27321
29465 74
29551
31055 79
32832
37408 94
37895
39399 99
39492
41321 105
42087
46071 118
46982
49130 125
49218
50742 130
53575
58183 145
58670
60194 150
60291
62120 156
62848
66832 169
67743
69903 176
69989
71513 181
73298
77902 196
78389
79909 201
80002
81835 207
82587
86571 220
87482
89638 227
89717
91237 232
92703
97307 247
97794
99318 252
99395
101224 258
101812
106412 273
106483
107088 275
107251
