975 3
1322
2557 7
3505
6234 16
7258
9400 23
9480
9777 24
9857
10756 27
10774
11073 28
11124
13293 35
13382
14898 40
17117
18653 45
19140
20652 50
20751
22568 56
23326
26071 65
26162
27670 70
29595
31135 75
31622
33126 80
33229
35054 86
35816
38557 95
38643
40147 100
42057
43597 105
44084
45608 110
45701
47530 116
48282
51031 125
51119
52643 130
54578
56122 135
56609
58133 140
58230
60059 146
60815
63564 155
63650
65174 160
67084
68628 165
69115
70639 170
70732
72561 176
73313
78548 193
78640
79247 195
79259
80479 199
82393
83933 204
84420
85944 209
86049
87878 215
88656
93872 232
93943
94544 234
101328
104705 245
104776
105381 247
110334
