985 3
1332
2567 7
3591
6320 16
7264
9403 23
9492
11008 28
12799
17382 43
17869
19377 48
19476
21297 54
22055
26027 67
27031
29175 74
29261
30765 79
32542
37118 94
37605
39109 99
39202
41031 105
41797
45781 118
46705
48853 125
48941
50465 130
52246
56854 145
57341
58865 150
58962
60791 156
61561
65545 169
66469
68629 176
68715
70239 181
72016
76620 196
77107
78627 201
78720
80553 207
81319
85303 220
86227
90971 235
91042
91647 237
92655
96030 248
96101
96706 250
97684
101059 261
101130
101735 263
102713
106091 274
106162
106767 276
107792
